# step time kinetic potential total_energy com_x com_y rms_radius
0 0 854.52596321267504 -477131.92665319709 -476277.40068998444 0.012302156921829356 0.069173369988179259 8.0587779793254626
10 0.10000000000000001 20505.812791736658 -498269.29226978886 -477763.47947805218 0.010239290899656785 0.069676875857812154 7.9339718031559174
20 0.20000000000000001 60306.451983713203 -539166.94800548174 -478860.49602176854 0.0081764248774839066 0.070180381727444882 7.5823148209094535
30 0.29999999999999999 130608.60510408854 -609932.15829475387 -479323.55319066532 0.0061135588553108619 0.070683887597077666 6.9975702989907242
40 0.40000000000000002 222354.12838786465 -703835.19399444712 -481481.06560658244 0.0040506928331378381 0.071187393466710644 6.1622021876254589
50 0.5 412414.09192856611 -900524.2007889729 -488110.10886040679 0.0019878268109653125 0.071690899336343289 5.0342324053191465
60 0.59999999999999998 791969.34715098434 -1281061.8337982029 -489092.48664721858 -7.5039211207538219e-05 0.072194405205976322 3.5804098572309448
70 0.70000000000000007 1564321.5417451032 -2089294.7956329694 -524973.25388786616 -0.0021379052333803986 0.07269791107560894 1.9273694198510032
80 0.80000000000000004 1478684.6683718772 -1844216.1063760878 -365531.43800421059 -0.0042007712555532737 0.073201416945241723 2.098027525395969
90 0.90000000000000002 725480.07222150313 -1134160.347096876 -408680.27487537288 -0.0062636372777261874 0.073704922814874521 3.7165570560564229
100 1 478402.34216456482 -896251.66192579514 -417849.31976123032 -0.0083265032998988825 0.074208428684507194 5.1025805840886598
110 1.1000000000000001 419555.10592709476 -840744.63230087887 -421189.52637378412 -0.010389369322071716 0.0747119345541397 6.2437737496917487
120 1.2 442251.8525035301 -861437.39612218377 -419185.54361865367 -0.012452235344244719 0.075215440423772706 7.2228892468262975
130 1.3 517723.99988972128 -934122.06548374146 -416398.06559402018 -0.014515101366417477 0.075718946293405198 8.1134594789773491
140 1.4000000000000001 549658.74284211989 -959635.01747298054 -409976.27463086066 -0.016577967388590336 0.076222452163037802 8.9750055902835157
150 1.5 567252.04460341402 -964882.44839369704 -397630.40379028302 -0.018640833410763374 0.076725958032670641 9.8333143456230925
160 1.6000000000000001 522760.40037950804 -917042.41301771672 -394282.01263820869 -0.02070369943293596 0.077229463902303369 10.69379290649017
170 1.7 485814.40753361769 -873636.70972178318 -387822.30218816549 -0.022766565455109047 0.077732969771936083 11.54500555941944
180 1.8 492100.18577636388 -877834.73411457613 -385734.54833821225 -0.024829431477281956 0.078236475641569089 12.379374723211928
190 1.9000000000000001 494399.83869842044 -873687.17555475386 -379287.33685633342 -0.02689229749945447 0.078739981511201693 13.201752112417687
200 2 473903.09265513509 -851130.34322202951 -377227.25056689442 -0.028955163521627639 0.079243487380834407 14.015112786001431
210 2.1000000000000001 459039.25827697612 -836422.71674157039 -377383.45846459427 -0.031018029543800462 0.079746993250466899 14.816858497257543
220 2.2000000000000002 463327.4243523003 -835840.24539089564 -372512.82103859534 -0.033080895565973836 0.080250499120099794 15.606498722645094
230 2.3000000000000003 469636.15304401465 -840211.6306494762 -370575.47760546155 -0.035143761588146104 0.080754004989732509 16.387328810488484
240 2.3999999999999999 489137.8987177675 -850926.78877372434 -361788.89005595684 -0.037206627610318253 0.081257510859365042 17.163259799879235
250 2.5 471881.63375215867 -829622.92012604 -357741.28637388133 -0.039269493632491471 0.081761016728997715 17.938728180841132
260 2.6000000000000001 465607.04111556092 -824264.70688034664 -358657.66576478572 -0.041332359654664939 0.082264522598630957 18.711585366040811
270 2.7000000000000002 460206.81350307015 -817723.77306141413 -357516.95955834398 -0.043395225676837783 0.082768028468263061 19.481450241925106
280 2.8000000000000003 472108.84174063778 -826553.28893884725 -354444.44719820947 -0.045458091699009461 0.083271534337896524 20.248342209796263
290 2.8999999999999999 454775.75898820237 -804826.61331116059 -350050.85432295821 -0.04752095772118281 0.083775040207528587 21.014016082508572
300 3 466942.92188029038 -812031.41172974487 -345088.48984945449 -0.049583823743356285 0.084278546077161565 21.777535698454447
310 3.1000000000000001 455847.9553564511 -801071.18679655681 -345223.23144010571 -0.05164668976552849 0.084782051946794876 22.540155227499547
320 3.2000000000000002 469307.85310454591 -809741.62312750833 -340433.77002296242 -0.053709555787700945 0.08528555781642734 23.301633295984804
330 3.3000000000000003 445467.22140887362 -781892.47183445178 -336425.25042557815 -0.055772421809874344 0.085789063686059278 24.0634860675972
340 3.3999999999999999 445731.35513195739 -781105.98569270992 -335374.63056075253 -0.05783528783204693 0.086292569555691909 24.823582199979679
350 3.5 447303.0825719565 -777871.29908370902 -330568.21651175251 -0.059898153854219954 0.086796075425325289 25.582171900502644
360 3.6000000000000001 441910.56031019066 -766813.62909850455 -324903.06878831389 -0.061961019876392617 0.087299581294958586 26.340429935383998
370 3.7000000000000002 429213.55559550785 -749245.82129581377 -320032.26570030593 -0.064023885898564989 0.087803087164590524 27.098174782082602
380 3.8000000000000003 409576.62011603359 -723687.85903552605 -314111.23891949246 -0.066086751920738582 0.08830659303422439 27.853932673198432
390 3.8999999999999999 402677.57749890222 -713846.73806415312 -311169.1605652509 -0.068149617942910731 0.088810098903856202 28.606025590829734
400 4 403650.08945332357 -713598.56769676576 -309948.47824344219 -0.07021248396508431 0.089313604773489527 29.354199876706566
410 4.0999999999999996 408532.11359325878 -715688.79940430052 -307156.68581104174 -0.072275349987256904 0.089817110643122408 30.099083580907877
420 4.2000000000000002 404134.63942340703 -706366.83717734599 -302232.19775393896 -0.074338216009429844 0.090320616512754068 30.841842502700462
430 4.2999999999999998 410814.73707684228 -708183.32350143406 -297368.58642459178 -0.076401082031602618 0.090824122382387282 31.582893797617487
440 4.4000000000000004 431415.48975355824 -722897.54022373771 -291482.05047017947 -0.078463948053774782 0.091327628252021495 32.323796744597892
450 4.5 429363.34405691788 -717058.74852743791 -287695.40447052004 -0.080526814075948847 0.091831134121654848 33.067040059099121
460 4.6000000000000005 423165.38691824075 -707373.71344345179 -284208.32652521104 -0.082589680098121246 0.092334639991284911 33.813034974258734
470 4.7000000000000002 403932.42085293744 -684888.26345156657 -280955.84259862913 -0.084652546120293715 0.092838145860919943 34.560938566972546
480 4.7999999999999998 389745.08639524365 -669699.06550760311 -279953.97911235946 -0.086715412142465975 0.09334165173055145 35.308622453612671
490 4.9000000000000004 396874.04324066819 -676779.63778245985 -279905.59454179165 -0.088778278164640095 0.093845157600183762 36.055183590570415
500 5 404546.27000310319 -679121.64982870058 -274575.3798255974 -0.090841144186812453 0.094348663469817115 36.801540717704718
510 5.1000000000000005 389649.05783273466 -659176.86732390686 -269527.8094911722 -0.092904010208986906 0.094852169339451092 37.548626886689057
520 5.2000000000000002 371964.65169900563 -642661.76626400684 -270697.11456500122 -0.094966876231158723 0.095355675209082891 38.295090291280168
530 5.2999999999999998 372762.46840673522 -641142.97072436695 -268380.50231763173 -0.097029742253330664 0.095859181078713523 39.039467755899402
540 5.4000000000000004 378759.79999987478 -645266.86902757757 -266507.06902770279 -0.099092608275504132 0.09636268694834893 39.781961656994021
550 5.5 361159.81708693481 -621962.67452473729 -260802.85743780248 -0.10115547429767671 0.096866192817982213 40.523368805499096
560 5.6000000000000005 352907.98346255766 -611829.07000968372 -258921.08654712606 -0.10321834031984872 0.09736969868761379 41.262692222898146
570 5.7000000000000002 369532.68956576037 -625570.60871544457 -256037.9191496842 -0.10528120634202195 0.09787320455724631 41.99975101530093
580 5.7999999999999998 365448.81347149919 -619834.69036751066 -254385.87689601147 -0.10734407236419477 0.098376710426881231 42.735966365458772
590 5.9000000000000004 360775.21168703493 -611052.694937672 -250277.48325063707 -0.10940693838636717 0.098880216296512433 43.471417737967691
600 6 354389.00361128768 -604485.42581109144 -250096.42219980375 -0.11146980440854 0.099383722166145536 44.205773402307408
610 6.1000000000000005 362326.99309000722 -609489.22250476386 -247162.22941475664 -0.11353267043071448 0.099887228035779346 44.938919776997253
620 6.2000000000000002 371265.15798062657 -616502.61554116255 -245237.45756053599 -0.11559553645288671 0.10039073390541449 45.671709707857474
630 6.2999999999999998 373063.79140775459 -615338.91705200577 -242275.12564425118 -0.11765840247506101 0.10089423977504224 46.405104737739322
640 6.4000000000000004 369611.60250409041 -610838.40567131131 -241226.8031672209 -0.11972126849723266 0.10139774564467828 47.139331622133945
650 6.5 350934.21952815179 -590456.93867899547 -239522.71915084368 -0.12178413451940613 0.10190125151431077 47.873946965334028
660 6.6000000000000005 346335.29126260133 -584319.33508226974 -237984.04381966841 -0.12384700054157946 0.10240475738394501 48.607788036283367
670 6.7000000000000002 358912.00081355462 -594288.60522612813 -235376.60441257351 -0.12590986656375242 0.10290826325357599 49.340708017283497
680 6.7999999999999998 367620.36980555893 -599820.40610445093 -232200.036298892 -0.12797273258592515 0.10341176912321004 50.073810699388837
690 6.9000000000000004 350476.88725345733 -581853.8184515204 -231376.93119806307 -0.13003559860809533 0.10391527499284232 50.807780500400057
700 7 342369.84419942333 -570470.45993337221 -228100.61573394889 -0.13209846463027017 0.10441878086247536 51.541621473920607
710 7.1000000000000005 349238.64682378643 -571724.73127312656 -222486.08444934012 -0.13416133065244265 0.10492228673210861 52.275038080048049
720 7.2000000000000002 354899.75530328811 -575418.24810227437 -220518.49279898626 -0.13622419667461569 0.10542579260173847 53.008710982484217
730 7.2999999999999998 351239.48748161265 -569005.26262218261 -217765.77514056995 -0.1382870626967882 0.10592929847137313 53.743226879146128
740 7.4000000000000004 334841.96997230197 -551857.13680349779 -217015.16683119582 -0.14034992871895927 0.10643280434100608 54.478373897196327
750 7.5 329540.55301044456 -545715.65425848169 -216175.10124803713 -0.14241279474113422 0.10693631021063921 55.213165452529076
760 7.6000000000000005 330456.52223811869 -544867.33136774588 -214410.80912962719 -0.14447566076330889 0.10743981608027192 55.947331619647237
770 7.7000000000000002 326753.70127103891 -540097.50267509918 -213343.80140406027 -0.14653852678548004 0.10794332194990729 56.680970219604973
780 7.7999999999999998 331383.81415380089 -545930.19437821524 -214546.38022441434 -0.14860139280765369 0.10844682781953836 57.413955920914802
790 7.9000000000000004 330312.11663675215 -542562.74226544937 -212250.62562869722 -0.1506642588298267 0.10895033368916909 58.146607119646923
800 8 331618.50326132175 -542981.221522965 -211362.71826164325 -0.15272712485199852 0.10945383955879977 58.878955975350422
810 8.0999999999999996 330109.64054523478 -538756.09302986704 -208646.45248463226 -0.15478999087417061 0.10995734542843572 59.611198777565136
820 8.1999999999999993 326465.60132139624 -533455.2286557731 -206989.62733437686 -0.15685285689634251 0.11046085129806818 60.343402860023772
830 8.3000000000000007 320801.20065012237 -526871.28859921859 -206070.08794909623 -0.15891572291851558 0.11096435716769873 61.075356101420553
840 8.4000000000000004 321423.09428041655 -525497.58365725679 -204074.48937684024 -0.16097858894068881 0.11146786303733849 61.806869142863945
850 8.5 315423.07776014361 -517922.99195719621 -202499.9141970526 -0.16304145496286349 0.11197136890696688 62.537956601287014
860 8.5999999999999996 312230.46038077166 -515633.86069093144 -203403.40031015978 -0.16510432098503527 0.11247487477659913 63.268386243757583
870 8.7000000000000011 319623.92939895851 -521972.79403252911 -202348.8646335706 -0.16716718700720806 0.11297838064623053 63.998111542456854
880 8.8000000000000007 330447.55933382642 -531107.66452079255 -200660.10518696613 -0.16923005302938043 0.1134818865158638 64.727677537797405
890 8.9000000000000004 327688.84409506636 -527111.90833935048 -199423.06424428412 -0.17129291905155283 0.11398539238549851 65.457692195745921
900 9 323786.37750822102 -520836.93542331352 -197050.5579150925 -0.17335578507372709 0.11448889825512977 66.18812803616251
910 9.0999999999999996 315967.0767917537 -511859.34529125708 -195892.26849950338 -0.17541865109589966 0.11499240412476146 66.918713765605133
920 9.2000000000000011 313568.49549998867 -509256.04607050243 -195687.55057051376 -0.1774815171180727 0.11549590999439381 67.649101815060121
930 9.3000000000000007 303913.99550023058 -499650.84184043418 -195736.8463402036 -0.17954438314024371 0.11599941586402682 68.379133635317487
940 9.4000000000000004 302394.55431768333 -497157.6535881884 -194763.09927050507 -0.18160724916241988 0.11650292173366185 69.108397574263506
950 9.5 307297.88643193705 -501787.34274546144 -194489.4563135244 -0.1836701151845927 0.1170064276032925 69.836799110829404
960 9.5999999999999996 324684.06551304139 -518181.66513445298 -193497.59962141159 -0.18573298120676221 0.11750993347292397 70.564798809178967
970 9.7000000000000011 323693.39481922 -515156.40524509305 -191463.01042587304 -0.18779584722893555 0.11801343934255921 71.293294835394036
980 9.8000000000000007 318374.61148267891 -507506.96643580851 -189132.3549531296 -0.18985871325110859 0.11851694521219487 72.022419062327657
990 9.9000000000000004 317326.6567392351 -505038.12785717612 -187711.47111794102 -0.19192157927327982 0.11902045108182385 72.751967323621727
1000 10 318592.92780985509 -503382.20653257979 -184789.2787227247 -0.19398444529545611 0.11952395695145368 73.48193580789534
